0	-32	-nan(ind)	32	0
0.1	-32	0	32	0
0.2	-32	0	32	0
0.3	-32	0	32	0
0.4	-32	0	32	0
0.5	-32	0	32	0
0.6	-32	0	32	0
0.7	-32	0	32	0
0.8	-32	0	32	0
0.9	-32	0	32	0
1	-32	0	32	0
1.1	-32	0	32	0
1.2	-32	0	32	0
1.3	-32	0	32	0
1.4	-31.978	7.76769e-24	31.989	0.0005
1.5	-32	0	32	0.0015
1.6	-31.876	3.73262e-23	31.922	0.0035
1.7	-31.694	8.26231e-23	31.716	0.039
1.8	-31.858	3.78178e-23	31.914	0.003
1.9	-30.432	3.33103e-22	29.887	0.033
2	-31.936	1.56502e-23	31.968	0.024
2.1	-30.99	1.83423e-22	30.991	0.04
2.2	-29.144	3.07438e-22	18.042	0.0525
2.3	-24.912	2.76623e-22	0.434	0.19725
2.4	-27.472	2.78814e-22	7.357	0.1385
2.5	-28.196	6.82018e-22	21.808	0.092
2.6	-25.716	2.74484e-22	3.363	0.20825
2.7	-28.138	6.16571e-22	23.077	0.18
2.8	-23.216	5.5638e-22	5.431	0.22075
2.9	-24.366	6.15726e-22	5.196	0.22025
3	-24.048	4.15423e-22	12.922	0.25
3.1	-24.89	2.80897e-22	1.146	0.2345
3.2	-23.976	3.46661e-22	5.693	0.25075
3.3	-24.236	5.64229e-22	0.23	0.2425
3.4	-23.772	5.59469e-22	9.014	0.28125
3.5	-22.868	4.53242e-22	10.973	0.27475
3.6	-20.682	7.39158e-22	4.303	0.33375
3.7	-21.568	5.07966e-22	5.514	0.33
3.8	-19.344	4.49471e-22	0.685	0.3465
3.9	-19.446	5.7264e-22	1.072	0.38175
4	-20.41	5.20886e-22	5.177	0.379
4.1	-19.436	7.23538e-22	1.792	0.3945
4.2	-19.992	4.43542e-22	5.382	0.35675
4.3	-20.39	3.53236e-22	1.298	0.3945
4.4	-19.364	4.15118e-22	3.137	0.394
4.5	-18.242	4.85695e-22	3.842	0.422
4.6	-17.896	5.24408e-22	5.26	0.41425
4.7	-19.882	4.80801e-22	4.202	0.3845
4.8	-17.396	6.97179e-22	7.728	0.43775
4.9	-17.254	7.26774e-22	2.3	0.446
5	-16.19	5.14617e-22	2.176	0.4475
5.1	-15.556	6.31399e-22	3.345	0.504
5.2	-14.872	5.43096e-22	0.929	0.5215
5.3	-16.438	4.16942e-22	4.563	0.46475
5.4	-15.07	4.41237e-22	3.023	0.4965
5.5	-15.752	5.64695e-22	0.517	0.518
5.6	-15.952	4.1249e-22	2.653	0.52025
5.7	-15.308	4.33579e-22	0.795	0.50425
5.8	-13.564	6.50289e-22	1.392	0.531
5.9	-16.794	4.03051e-22	1.401	0.51075
6	-14.806	4.49121e-22	1.132	0.5435
6.1	-13.828	3.70295e-22	3.53	0.52625
6.2	-15.996	4.49254e-22	1.341	0.52525
6.3	-15.186	6.34347e-22	1.896	0.533
6.4	-13.888	4.1199e-22	0.932	0.57325
6.5	-13.374	4.01755e-22	0.103	0.6
6.6	-14.306	5.13046e-22	4.048	0.566
6.7	-13.976	4.38867e-22	1.901	0.55975
6.8	-14.16	4.95981e-22	3.225	0.59775
6.9	-11.822	5.02656e-22	2.447	0.59925
7	-13.978	4.56698e-22	0.031	0.594
7.1	-13.406	4.86661e-22	2.007	0.59525
7.2	-12.992	4.50783e-22	2.437	0.60325
7.3	-12.484	5.08841e-22	0.816	0.59
7.4	-13.4	3.90782e-22	3.197	0.61925
7.5	-11.602	4.39143e-22	0.055	0.608
7.6	-12.312	4.67455e-22	0.543	0.60125
7.7	-11.812	4.93104e-22	1.498	0.619
7.8	-12.704	4.47338e-22	1.7	0.61125
7.9	-10.706	4.32073e-22	1.012	0.656
8	-11.018	3.69107e-22	1.262	0.68225
8.1	-11.35	4.92393e-22	1.063	0.6345
8.2	-12.526	3.8289e-22	0.917	0.6495
8.3	-11.614	5.12173e-22	1.772	0.62875
8.4	-10.692	3.34687e-22	1.139	0.6395
8.5	-10.56	5.39228e-22	0.987	0.6655
8.6	-10.892	3.30183e-22	3.583	0.672
8.7	-10.634	4.14967e-22	1.746	0.647
8.8	-10.272	4.09001e-22	2.43	0.66175
8.9	-10.888	3.45291e-22	2.395	0.662
9	-9.904	3.38517e-22	0.613	0.68225
9.1	-8.858	4.11711e-22	0.363	0.6995
9.2	-9.354	3.30398e-22	2.062	0.68175
9.3	-8.344	4.27899e-22	0.027	0.69925
9.4	-9.428	3.72573e-22	0.801	0.698
9.5	-10.598	3.45023e-22	1.801	0.6805
9.6	-10.386	2.96293e-22	0.946	0.68825
9.7	-9.936	4.04545e-22	2.901	0.69475
9.8	-11.1	4.50043e-22	1.742	0.6955
9.9	-9.82	3.94811e-22	1.385	0.71675
10	-8.948	3.30992e-22	1.247	0.71
10.1	-9.322	3.2209e-22	2.006	0.7095
10.2	-7.692	3.34295e-22	1.606	0.72675
10.3	-8.444	3.60117e-22	1.333	0.7205
10.4	-9.18	3.99532e-22	3.603	0.721
10.5	-8.028	2.85337e-22	1.432	0.718
10.6	-9.734	3.28712e-22	2.491	0.70375
10.7	-9.494	3.28877e-22	0.794	0.71875
10.8	-8.06	3.41073e-22	1.481	0.7395
10.9	-8.256	3.44711e-22	1.582	0.72875
11	-8.682	2.8908e-22	1.385	0.7295
11.1	-8.436	3.40695e-22	2.472	0.742
11.2	-8.142	3.3199e-22	0.124	0.74525
11.3	-7.108	3.09531e-22	0.006	0.7475
11.4	-8.252	2.73808e-22	1.551	0.74375
11.5	-7.322	3.49873e-22	2.192	0.746
11.6	-8.596	3.03843e-22	1.324	0.7445
11.7	-8.114	3.19068e-22	1.305	0.752
11.8	-7.75	3.34545e-22	0.87	0.75425
11.9	-7.374	2.48766e-22	0.925	0.754
12	-6.98	2.62426e-22	0.399	0.759
12.1	-8.478	3.30461e-22	1.625	0.73425
12.2	-7.132	3.49377e-22	0.514	0.76125
12.3	-7.404	3.57833e-22	1.333	0.76375
12.4	-8.62	3.0976e-22	0.285	0.751
12.5	-7.966	2.99084e-22	0.985	0.75775
12.6	-7.346	2.99128e-22	0.517	0.75325
12.7	-8.626	2.3654e-22	1.052	0.763
12.8	-7.294	3.14738e-22	1.169	0.7675
12.9	-6.894	2.46133e-22	1.733	0.764
13	-8.164	2.46733e-22	0.96	0.76775
13.1	-7.13	2.96127e-22	2.238	0.7755
13.2	-6.946	2.93711e-22	2.132	0.78475
13.3	-7.368	3.03011e-22	1.766	0.7895
13.4	-5.964	2.68384e-22	0.556	0.782
13.5	-6.506	2.90708e-22	0.789	0.7825
13.6	-6.234	3.13654e-22	2.703	0.79
13.7	-6.506	2.71372e-22	0.455	0.78025
13.8	-6.918	2.69747e-22	0.053	0.80275
13.9	-6.5	2.77963e-22	2.401	0.782
14	-5.922	2.92911e-22	1.721	0.7885
14.1	-6.362	2.77888e-22	0.427	0.7815
14.2	-6.454	2.82695e-22	1.041	0.792
14.3	-7.01	2.31797e-22	0.077	0.78925
14.4	-6.802	3.12273e-22	2.64	0.7845
14.5	-7.522	2.35861e-22	0.635	0.78275
14.6	-6.824	2.87947e-22	3.808	0.79875
14.7	-6.816	1.93456e-22	0.213	0.80325
14.8	-6.286	2.41786e-22	1.23	0.8065
14.9	-6.068	2.50281e-22	1.188	0.8035
15	-5.978	2.56071e-22	1.022	0.813
15.1	-6.288	2.22881e-22	0.694	0.79225
15.2	-7.144	2.58092e-22	0.321	0.79525
15.3	-6.762	2.50495e-22	1.084	0.79875
15.4	-6.366	2.19294e-22	0.02	0.82025
15.5	-6.646	2.90511e-22	0.323	0.80425
15.6	-6.058	2.4441e-22	1.081	0.81
15.7	-6.32	2.72339e-22	2.278	0.8055
15.8	-6.764	2.29077e-22	1.325	0.80675
15.9	-6.642	2.53485e-22	0.431	0.8195
16	-6.936	2.25065e-22	0.427	0.80925
16.1	-6.878	2.29414e-22	0.88	0.80175
16.2	-5.99	2.24217e-22	0.707	0.82075
16.3	-6.192	2.11462e-22	0.102	0.81825
16.4	-5.3	2.4347e-22	2.243	0.81925
16.5	-5.838	2.21993e-22	0.582	0.8115
16.6	-6.206	2.52033e-22	0.575	0.81625
16.7	-5.168	2.10445e-22	0.937	0.8305
16.8	-4.136	2.02345e-22	0.508	0.81975
16.9	-5.464	2.44815e-22	0.696	0.82825
17	-6.204	2.46343e-22	0.53	0.81075
17.1	-4.82	1.9881e-22	0.079	0.83775
17.2	-5.928	2.37038e-22	2.618	0.81575
17.3	-5.498	2.06657e-22	1.382	0.81925
17.4	-5.076	2.67442e-22	0.886	0.8465
17.5	-5.832	2.30534e-22	1.001	0.8235
17.6	-5.788	2.42551e-22	0.036	0.831
17.7	-5.648	2.01086e-22	0.528	0.8375
17.8	-5.782	1.96916e-22	0.799	0.83675
17.9	-5.054	2.06929e-22	0.763	0.82725
18	-5.184	2.57175e-22	0.401	0.83275
18.1	-4.726	2.19306e-22	1.277	0.83975
18.2	-4.904	2.52988e-22	0.025	0.83625
18.3	-4.802	1.98086e-22	0.633	0.8355
18.4	-4.926	2.16309e-22	1.074	0.85025
18.5	-5.912	1.74259e-22	0.039	0.8445
18.6	-5.202	2.19999e-22	0.578	0.8405
18.7	-5.128	1.81004e-22	0.105	0.835
18.8	-4.518	2.39078e-22	2.483	0.84425
18.9	-4.12	2.17863e-22	0.363	0.84175
19	-5.184	2.24595e-22	0.575	0.84475
19.1	-4.046	2.3341e-22	0.181	0.85175
19.2	-4.862	2.36822e-22	0.214	0.846
19.3	-4.478	1.60411e-22	0.456	0.854
19.4	-5.31	1.74138e-22	1.992	0.85325
19.5	-4.238	2.09618e-22	0.153	0.84625
19.6	-4.26	2.05181e-22	0.159	0.86175
19.7	-5.128	2.12285e-22	1.069	0.847
19.8	-5.994	1.70698e-22	2.266	0.84425
19.9	-5.44	2.43112e-22	0.891	0.8375
20	-5.304	1.91628e-22	0.519	0.84675
