0	-28	-nan(ind)	12.631	0.13075
0.1	-29.082	3.92317e-21	24.959	0.1215
0.2	-32	0	32	0.08075
0.3	-32	0	32	0.07425
0.4	-28	0	0.05	0.13625
0.5	-32	0	32	0.07975
0.6	-32	0	32	0.0725
0.7	-32	0	32	0.03325
0.8	-32	0	32	0.0285
0.9	-32	0	32	0.04775
1	-32	0	32	0.05025
1.1	-32	0	32	0.06775
1.2	-28	0	8.84	0.1535
1.3	-29.24	3.27127e-22	18.364	0.1095
1.4	-29.476	3.30662e-22	18.521	0.05275
1.5	-31.098	2.31489e-22	29.827	0.0945
1.6	-31.994	1.86101e-24	31.997	0.05125
1.7	-30.684	4.80381e-22	25.597	0.12625
1.8	-27.978	6.04147e-24	8.866	0.14275
1.9	-31.768	6.44952e-23	31.808	0.0295
2	-31.4	1.26749e-22	31.27	0.08375
2.1	-26.528	2.35341e-22	4.507	0.14475
2.2	-27.532	3.49104e-22	14.566	0.17225
2.3	-26.652	3.46143e-22	2.658	0.144
2.4	-29.048	2.91055e-22	22.67	0.13125
2.5	-27.51	3.85298e-22	13.802	0.173
2.6	-26.016	3.13508e-22	7.33	0.20725
2.7	-26.018	3.45336e-22	9.768	0.2065
2.8	-23.446	6.99617e-22	1.714	0.26725
2.9	-24.628	4.83564e-22	13.134	0.2175
3	-23.778	7.60406e-22	5.234	0.24975
3.1	-23.774	7.7942e-22	14.15	0.2595
3.2	-22.082	3.37102e-22	0.839	0.31675
3.3	-22.702	4.24253e-22	4.565	0.279
3.4	-21.924	8.0615e-22	9.162	0.339
3.5	-22.998	8.25782e-22	4.612	0.28825
3.6	-21.718	6.0142e-22	7.675	0.322
3.7	-21.836	6.10583e-22	6.395	0.31375
3.8	-21.424	5.84023e-22	6.952	0.34675
3.9	-20.254	6.1707e-22	3.002	0.3515
4	-20.44	4.67657e-22	1.743	0.34575
4.1	-18.796	4.85588e-22	2.726	0.39925
4.2	-18.954	4.58275e-22	0.529	0.4005
4.3	-18.02	4.0131e-22	2.705	0.42525
4.4	-17.506	6.88506e-22	5.787	0.4255
4.5	-19.162	4.41639e-22	3.549	0.4135
4.6	-19.262	4.81675e-22	3.301	0.41725
4.7	-17.498	6.21078e-22	1.405	0.45725
4.8	-17.174	5.97826e-22	2.733	0.442
4.9	-19.488	5.10269e-22	3.34	0.434
5	-17.872	5.98813e-22	3.692	0.46375
5.1	-17.326	5.10524e-22	0.617	0.47875
5.2	-16.046	6.35199e-22	0.261	0.4665
5.3	-16.578	5.58046e-22	0.317	0.486
5.4	-16.994	7.52087e-22	4.369	0.49625
5.5	-15.7	7.69721e-22	1.291	0.5075
5.6	-15.976	4.95952e-22	2.13	0.5055
5.7	-14.998	4.72879e-22	0.295	0.542
5.8	-15.982	3.86819e-22	3.956	0.52775
5.9	-15.466	4.08975e-22	1.502	0.517
6	-15.084	5.05511e-22	3.522	0.55025
6.1	-13.736	6.04803e-22	2.361	0.5735
6.2	-14.822	5.49228e-22	2.491	0.53725
6.3	-14.428	4.4324e-22	1.35	0.55475
6.4	-12.708	5.64332e-22	2.29	0.57925
6.5	-13.61	4.38766e-22	2.884	0.56525
6.6	-12.722	4.21098e-22	2.443	0.57325
6.7	-14.024	5.37973e-22	4.174	0.57875
6.8	-11.756	3.78997e-22	0.296	0.5875
6.9	-12.312	5.73082e-22	1.6	0.596
7	-15.036	5.416e-22	0.712	0.59575
7.1	-11.886	5.05349e-22	2.069	0.61925
7.2	-12.276	5.29408e-22	0.674	0.6165
7.3	-11.822	5.8814e-22	1.079	0.633
7.4	-13.268	5.77236e-22	3.451	0.59475
7.5	-12.034	5.31875e-22	4.981	0.63325
7.6	-13.008	3.82056e-22	0.107	0.59975
7.7	-11.566	4.34993e-22	1.793	0.6155
7.8	-12.012	3.60409e-22	0.902	0.616
7.9	-12.106	5.43547e-22	2.171	0.62675
8	-10.718	4.94491e-22	2.665	0.64975
8.1	-11.038	5.56595e-22	3.633	0.64575
8.2	-11.048	4.40627e-22	0.977	0.6445
8.3	-11.364	4.72055e-22	4.023	0.65125
8.4	-12.196	3.99423e-22	0.811	0.636
8.5	-10.606	4.09333e-22	3.286	0.68275
8.6	-9.888	4.26346e-22	0.366	0.7035
8.7	-9.548	3.17925e-22	2.551	0.68
8.8	-10.23	4.51778e-22	1.796	0.68725
8.9	-9.826	4.69135e-22	0.336	0.697
9	-10.902	3.96336e-22	3.108	0.662
9.1	-9.142	3.7665e-22	0.603	0.70125
9.2	-10.478	3.80927e-22	0.398	0.696
9.3	-10.104	3.38264e-22	1.324	0.6685
9.4	-10.216	3.7057e-22	1.532	0.69025
9.5	-9.18	2.94655e-22	0.872	0.69125
9.6	-9.524	3.89312e-22	1.575	0.698
9.7	-8.74	3.92251e-22	1.193	0.709
9.8	-9.988	3.71453e-22	1.59	0.701
9.9	-8.288	4.71494e-22	0.699	0.71325
10	-9.362	3.38098e-22	1.412	0.71625
10.1	-8.406	3.45499e-22	0.857	0.7095
10.2	-8.904	4.40883e-22	0.475	0.71225
10.3	-8.03	3.49069e-22	0.525	0.7265
10.4	-8.58	3.16182e-22	2.249	0.7195
10.5	-9.466	3.90656e-22	2.969	0.73325
10.6	-9.652	2.99238e-22	0.544	0.71675
10.7	-8.026	3.42712e-22	1.233	0.73525
10.8	-8.53	3.87305e-22	1.107	0.725
10.9	-9.128	2.93201e-22	1.424	0.71075
11	-9.128	2.79691e-22	2.169	0.74775
11.1	-7.738	2.76586e-22	0.199	0.74875
11.2	-8.61	3.42111e-22	0.578	0.7205
11.3	-8.282	2.92684e-22	2.393	0.731
11.4	-8.01	3.21156e-22	1.227	0.752
11.5	-9.142	2.54133e-22	1.683	0.752
11.6	-8.212	2.38953e-22	0.606	0.73125
11.7	-7.84	3.77645e-22	1.013	0.75775
11.8	-6.91	3.73744e-22	1.701	0.7505
11.9	-8.904	2.35054e-22	0.005	0.7375
12	-7.714	3.20152e-22	1.22	0.76125
12.1	-7.724	3.16007e-22	0.061	0.75775
12.2	-8.028	2.93e-22	0.122	0.7575
12.3	-8.17	3.28395e-22	0.927	0.76975
12.4	-6.706	2.93067e-22	0.684	0.774
12.5	-6.784	2.85273e-22	1.686	0.7675
12.6	-7.496	2.82618e-22	2.322	0.76075
12.7	-7.942	2.84647e-22	0.988	0.76975
12.8	-7.086	2.70774e-22	0.531	0.77275
12.9	-7.128	2.81652e-22	0	0.763
13	-8.142	3.2181e-22	1.35	0.77575
13.1	-6.534	3.0963e-22	2.656	0.7805
13.2	-6.788	3.06381e-22	1.377	0.777
13.3	-8.288	2.95799e-22	1.637	0.7725
13.4	-6.97	2.62344e-22	0.328	0.77425
13.5	-7.082	3.03355e-22	0.42	0.78225
13.6	-7.688	3.02157e-22	1.016	0.788
13.7	-7.084	2.53899e-22	0.202	0.78525
13.8	-6.674	2.39383e-22	1.346	0.79275
13.9	-7.804	2.29221e-22	0.087	0.77475
14	-6.922	2.77608e-22	1.556	0.781
14.1	-6.382	2.46457e-22	1.232	0.79925
14.2	-6.664	2.60622e-22	1.222	0.788
14.3	-6.068	2.62173e-22	0.403	0.78075
14.4	-6.22	2.67567e-22	1.685	0.794
14.5	-6.504	2.7013e-22	0.76	0.79325
14.6	-7.486	2.52874e-22	0.732	0.79775
14.7	-5.674	2.28615e-22	1.812	0.8015
14.8	-6.234	2.23743e-22	1.831	0.8035
14.9	-5.394	1.99887e-22	0.869	0.8175
15	-6.964	2.56325e-22	0.37	0.7815
15.1	-6.524	2.55147e-22	0.338	0.80125
15.2	-5.762	2.62703e-22	0.418	0.81125
15.3	-6.728	2.83518e-22	1.989	0.80175
15.4	-6.494	2.67075e-22	0.157	0.795
15.5	-6.016	2.93728e-22	0.672	0.7955
15.6	-5.894	2.887e-22	0.304	0.80825
15.7	-5.54	2.45509e-22	1.377	0.80725
15.8	-5.296	2.63873e-22	1.598	0.805
15.9	-5.578	2.16051e-22	0.778	0.80325
16	-6.126	2.58954e-22	1.4	0.81325
16.1	-5.944	2.45838e-22	1.465	0.8255
16.2	-6.1	2.48563e-22	0.804	0.8275
16.3	-6.268	1.97901e-22	0.195	0.8035
16.4	-6.178	2.65249e-22	2.831	0.8055
16.5	-4.88	2.76722e-22	0.952	0.82025
16.6	-7.23	1.90485e-22	0.49	0.8105
16.7	-6.066	2.89618e-22	1.099	0.82
16.8	-5.452	2.31739e-22	2.389	0.8215
16.9	-5.848	1.93939e-22	1.634	0.828
17	-6.066	2.40651e-22	1.904	0.814
17.1	-5.994	2.44273e-22	1.353	0.8245
17.2	-5.866	2.28505e-22	1.106	0.8185
17.3	-5.774	2.45678e-22	0.419	0.817
17.4	-6.474	2.3263e-22	0.075	0.8285
17.5	-5.716	2.3698e-22	2.115	0.833
17.6	-5.24	1.91799e-22	0.725	0.8435
17.7	-5.242	2.33196e-22	1.2	0.8335
17.8	-5.17	2.3466e-22	0.627	0.83725
17.9	-3.772	2.23994e-22	1.932	0.8445
18	-5.616	2.21764e-22	1.3	0.84175
18.1	-5.358	1.90052e-22	1.716	0.83025
18.2	-5.054	1.82544e-22	1.681	0.835
18.3	-5.638	1.98357e-22	0.542	0.83475
18.4	-4.868	2.25926e-22	0.217	0.836
18.5	-5.766	1.81466e-22	0.185	0.8395
18.6	-4.6	1.82727e-22	1.525	0.84975
18.7	-4.828	1.91177e-22	1.653	0.841
18.8	-4.558	1.98182e-22	1.115	0.84025
18.9	-4.46	1.85954e-22	0.101	0.851
19	-5.186	2.04419e-22	2.268	0.83125
19.1	-5.256	1.75436e-22	0.733	0.84025
19.2	-5.352	1.77872e-22	0.705	0.8435
19.3	-5.502	1.89285e-22	1.204	0.83875
19.4	-4.418	1.97748e-22	0.019	0.857
19.5	-4.848	1.86788e-22	0.348	0.86475
19.6	-5.152	1.87964e-22	0.812	0.85175
19.7	-5.334	2.08837e-22	0.728	0.836
19.8	-4.546	1.97696e-22	0.161	0.8445
19.9	-5.488	1.60011e-22	0.294	0.84975
20	-4.82	1.8539e-22	1.036	0.84875
