0	-2048	-nan(ind)	1024	0
0.1	-2048	0	1024	0
0.2	-2048	0	1024	0
0.3	-2048	0	1024	0
0.4	-2048	0	1024	0
0.5	-2048	0	1024	0
0.6	-2048	0	1024	0
0.7	-2048	0	1024	0
0.8	-2048	0	1024	0
0.9	-2048	0	1024	0
1	-2048	0	1024	0
1.1	-2048	0	1024	0
1.2	-2048	0	1024	0
1.3	-2048	0	1024	0
1.4	-2048	0	1024	0
1.5	-2048	0	1024	0
1.6	-2048	0	1024	0
1.7	-2048	0	1024	0
1.8	-2048	0	1024	0
1.9	-2048	0	1024	0
2	-2048	0	1024	0
2.1	-2048	0	1024	0
2.2	-2048	0	1024	0
2.3	-2046.15	7.86762e-22	1023.54	0.0004
2.4	-2048	0	1024	0
2.5	-2048	0	1024	0
2.6	-2048	0	1024	0
2.7	-2045.69	6.04333e-22	1023.42	0.0004
2.8	-2046.79	3.65095e-22	1023.7	0.0004
2.9	-2046.31	4.56997e-22	1023.58	0.0006
3	-2043.97	1.18288e-21	1022.99	0.0009
3.1	-2047.47	1.58702e-22	1023.87	0.0002
3.2	-2046.24	6.15029e-22	1023.56	0.0006
3.3	-2036.78	2.29004e-21	1021.19	0.0028
3.4	-2040.58	2.16883e-21	1022.1	0.0018
3.5	-2041.73	1.31773e-21	1022.29	0.0017
3.6	-2040.3	2.0693e-21	1022.06	0.0018
3.7	-2019.87	6.14377e-21	1016.76	0.0059
3.8	-2022.74	5.52531e-21	1017.66	0.007
3.9	-2036.38	2.44314e-21	1021.06	0.0038
4	-2034.66	3.43285e-21	1020.57	0.0037
4.1	-2020.37	1.78467e-21	1016.58	0.0056
4.2	-2026.6	5.04744e-21	1018.42	0.0043
4.3	-2019.74	4.51486e-21	1016.5	0.0093
4.4	-2000.55	6.31286e-21	1011.4	0.0103
4.5	-2007.69	8.23704e-21	1013.42	0.0089
4.6	-1997.36	1.06889e-20	1010.06	0.0118
4.7	-1982.2	7.33138e-21	1005.7	0.0165
4.8	-1981.43	1.14497e-20	1005.62	0.0182
4.9	-1933.55	1.92743e-20	989.244	0.029
5	-1961.7	3.89058e-20	999.501	0.0181
5.1	-1944.36	1.78951e-20	994.583	0.0296
5.2	-1918.62	1.24876e-20	986.109	0.0291
5.3	-1911.52	1.40824e-20	985.43	0.0345
5.4	-1884.82	2.9554e-20	974.58	0.0382
5.5	-1925.59	2.00967e-20	990.514	0.036
5.6	-1906.31	1.39678e-20	983.198	0.0413
5.7	-1910.3	1.7347e-20	983.866	0.0406
5.8	-1814.97	1.91949e-20	948.635	0.0611
5.9	-1820.52	4.54755e-20	954.715	0.0592
6	-1846.2	1.19778e-20	964.313	0.0524
6.1	-1806.77	2.67762e-20	947.035	0.0659
6.2	-1735.58	1.12779e-19	905.808	0.0854
6.3	-1701.66	8.85156e-20	907.156	0.0927
6.4	-1787.28	1.10914e-19	937.455	0.0792
6.5	-1687.25	1.18833e-19	900.448	0.0994
6.6	-1712.06	7.976e-20	913.578	0.0943
6.7	-1720.38	5.15063e-20	916.185	0.0953
6.8	-1593.4	7.79535e-20	847.653	0.1342
6.9	-1700.85	4.73918e-20	907.688	0.1055
7	-1592.41	1.01401e-19	852.972	0.1424
7.1	-1463.04	1.13112e-19	792.048	0.1704
7.2	-1524.97	1.32601e-19	813.955	0.155
7.3	-1595.62	6.30065e-20	858.924	0.142
7.4	-1552.23	2.63803e-19	849.308	0.1555
7.5	-1493.57	1.25505e-19	802.341	0.174
7.6	-1443.41	2.22226e-19	779.467	0.1988
7.7	-1350.38	1.41466e-19	720.008	0.2169
7.8	-1437.22	2.58749e-19	780.247	0.1901
7.9	-1352.93	1.90187e-19	748.738	0.2296
8	-1293.56	2.96461e-19	681.455	0.2456
8.1	-1362.64	4.23589e-20	751.75	0.2209
8.2	-1201.53	1.83846e-19	610.612	0.2775
8.3	-1204.85	3.86448e-19	630.38	0.2775
8.4	-1294.06	1.40542e-19	698.652	0.2473
8.5	-1208.19	3.22766e-19	618.315	0.2836
8.6	-1203.41	1.32146e-19	643.011	0.2815
8.7	-1128.51	4.19903e-19	564.138	0.3085
8.8	-1158.46	2.57309e-19	596.914	0.2893
8.9	-1047.38	2.0287e-19	498.418	0.3382
9	-987.078	2.70295e-19	486.785	0.355
9.1	-1134.23	3.79927e-19	594.395	0.3078
9.2	-1078.85	2.04765e-19	552.958	0.3377
9.3	-1003.16	2.74227e-19	523.915	0.3587
9.4	-1022.15	5.07893e-19	535.999	0.3423
9.5	-945.034	3.77605e-19	474.29	0.3783
9.6	-979.654	2.53294e-19	489.729	0.3672
9.7	-1055.78	1.86429e-19	585.934	0.3458
9.8	-901.088	1.26802e-19	427.582	0.4078
9.9	-932.917	2.75678e-19	436.514	0.3973
10	-846.378	9.17947e-20	366.977	0.4251
10.1	-961.242	3.50959e-19	442.567	0.3864
10.2	-830.097	2.71726e-19	427.328	0.4226
10.3	-862.625	2.40701e-19	439.828	0.4126
10.4	-840.558	2.85242e-19	414.179	0.4363
10.5	-830.206	1.92797e-19	386.652	0.4412
10.6	-869.248	2.85881e-19	396.677	0.4296
10.7	-841.53	2.02216e-19	371.427	0.4391
10.8	-762.435	1.2776e-19	261.848	0.4644
10.9	-788.014	1.25809e-19	334.624	0.4607
11	-778.935	1.8944e-19	281.685	0.4691
11.1	-759.945	1.54785e-19	325.932	0.473
11.2	-776.743	2.33552e-19	377.181	0.4659
11.3	-735.247	2.05796e-19	299.868	0.4919
11.4	-734.545	1.07789e-19	324.29	0.4881
11.5	-746.291	1.45098e-19	266.661	0.4834
11.6	-699.245	2.40487e-19	259.19	0.5097
11.7	-695.286	7.94951e-20	194.829	0.5081
11.8	-688.334	2.18806e-19	306.965	0.5119
11.9	-685.679	7.93413e-20	272.818	0.5117
12	-702.44	1.51317e-19	261.597	0.4944
12.1	-598.221	1.68682e-19	150.029	0.5505
12.2	-635.597	1.96536e-19	187.315	0.5303
12.3	-608.821	4.4327e-20	204.787	0.5433
12.4	-578.249	8.75123e-20	197.613	0.5491
12.5	-651.577	9.27378e-20	190.595	0.5275
12.6	-533.719	8.83359e-20	185.843	0.5809
12.7	-550.438	6.93365e-20	142.335	0.5814
12.8	-593.8	1.69579e-19	223.94	0.5557
12.9	-521.717	3.39447e-20	146.367	0.5852
13	-604.782	1.68161e-19	225.098	0.5571
13.1	-544.19	8.34785e-20	146.082	0.5808
13.2	-550.695	1.01815e-19	149.647	0.5746
13.3	-596.367	7.84678e-20	217.46	0.5708
13.4	-544.525	4.18653e-20	146.117	0.5855
13.5	-539.589	5.55818e-20	198.917	0.591
13.6	-570.672	1.11568e-19	156.155	0.5788
13.7	-556.208	8.13212e-20	173.891	0.5873
13.8	-507.755	6.86357e-20	114.641	0.5911
13.9	-527.716	5.58269e-20	169.462	0.5985
14	-520.672	5.82931e-20	142.144	0.6159
14.1	-494.216	3.34806e-20	154.863	0.6075
14.2	-518.63	8.71248e-20	166.727	0.5956
14.3	-545.447	5.59345e-20	163.738	0.6025
14.4	-511.789	5.37617e-20	88.4873	0.6173
14.5	-484.08	4.04252e-20	115.514	0.6203
14.6	-508.428	6.58937e-20	164.968	0.6127
14.7	-440.073	2.99667e-20	85.247	0.6434
14.8	-492.328	3.29382e-20	108.221	0.6172
14.9	-451.647	2.91444e-20	122.168	0.6298
15	-507.069	2.3397e-20	142.841	0.6398
15.1	-436.404	5.9252e-20	114.829	0.6454
15.2	-443.528	2.19382e-20	144.054	0.6422
15.3	-444.87	4.10745e-20	154.09	0.6491
15.4	-468.591	2.68676e-20	90.3532	0.6423
15.5	-400.128	2.73036e-20	50.3302	0.6681
15.6	-448.623	1.89945e-20	121.8	0.655
15.7	-469.983	5.31137e-20	138.657	0.6543
15.8	-467.88	3.79493e-20	165.262	0.6382
15.9	-392.161	4.3966e-20	106.663	0.6735
16	-467.009	2.75129e-20	119.326	0.6506
16.1	-439.617	5.03925e-20	67.1722	0.6495
16.2	-436.699	2.39927e-20	54.0168	0.6696
16.3	-448.292	3.55713e-20	99.6515	0.6631
16.4	-419.707	4.24235e-20	40.652	0.6592
16.5	-395.967	3.02821e-20	69.0925	0.6738
16.6	-414.104	5.18693e-20	84.7412	0.6657
16.7	-392.361	1.9513e-20	67.0835	0.6912
16.8	-410.579	2.67635e-20	51.4627	0.6759
16.9	-398.063	3.09978e-20	131.765	0.6866
17	-419.852	2.0855e-20	87.629	0.685
17.1	-395.454	3.04663e-20	69.4465	0.6893
17.2	-390.188	3.11828e-20	42.4897	0.6947
17.3	-434.788	1.48739e-20	80.5667	0.6758
17.4	-400.768	2.95566e-20	69.6995	0.6926
17.5	-367.529	1.4714e-20	42.731	0.6955
17.6	-382.965	1.17606e-20	51.6647	0.6919
17.7	-403.53	2.45046e-20	34.8595	0.6853
17.8	-377.289	2.08e-20	63.5195	0.6971
17.9	-383.526	2.38059e-20	88.0717	0.6963
18	-349.669	2.59755e-20	50.3172	0.6997
18.1	-392.987	2.52511e-20	33.4473	0.7036
18.2	-348.481	2.33118e-20	33.6045	0.7041
18.3	-366.922	1.74298e-20	46.6457	0.716
18.4	-349.039	1.62826e-20	101.166	0.7166
18.5	-403.831	1.12727e-20	48.8047	0.689
18.6	-345.253	2.14695e-20	75.4837	0.7224
18.7	-358.758	1.22342e-20	84.1545	0.7227
18.8	-364.071	1.91709e-20	49.3285	0.7105
18.9	-348.437	2.251e-20	51.4365	0.7148
19	-329.392	1.28301e-20	7.329	0.7168
19.1	-366.25	1.5472e-20	72.6472	0.714
19.2	-355.475	1.46857e-20	82.8717	0.7255
19.3	-335.4	3.3422e-20	53.5705	0.7224
19.4	-321.556	1.49383e-20	64.7617	0.7287
19.5	-328.915	1.08978e-20	88.717	0.7323
19.6	-328.212	1.36164e-20	11.049	0.7329
19.7	-338.188	1.14988e-20	63.981	0.7307
19.8	-337.908	8.84735e-21	68.9133	0.7245
19.9	-302.882	6.93687e-21	9.47525	0.7394
20	-312.415	1.12404e-20	55.6867	0.7419
