0	-1541.64	inf	163.122	0.1714
0.1	-1451.24	2.16665e-17	197.641	0.1841
0.2	-1592.16	2.33205e-17	482.66	0.1593
0.3	-1515.94	7.14621e-18	98.602	0.1786
0.4	-1504.24	6.54043e-18	8.47925	0.1725
0.5	-1527.48	4.31643e-18	161.289	0.1724
0.6	-1502.66	5.10604e-18	175.038	0.1811
0.7	-1482.81	2.30774e-18	26.7453	0.1791
0.8	-1498.38	3.50138e-18	78.8698	0.1846
0.9	-1508.55	3.26585e-18	17.2332	0.1772
1	-1468.08	3.52155e-18	140.98	0.1934
1.1	-1415.41	3.18692e-18	72.773	0.2007
1.2	-1548.83	1.58588e-18	112.385	0.1584
1.3	-1503.72	1.90931e-18	16.844	0.1724
1.4	-1506.31	2.47745e-18	135.345	0.1767
1.5	-1506.66	2.16511e-18	30.5175	0.1758
1.6	-1477.97	1.67355e-18	154.146	0.1752
1.7	-1486.28	1.46388e-18	55.2397	0.1875
1.8	-1568.2	2.12717e-18	3.80175	0.165
1.9	-1563.5	1.55086e-18	236.247	0.1693
2	-1554.88	1.22517e-18	169.863	0.1654
2.1	-1435.06	1.14229e-18	110.561	0.1948
2.2	-1500.83	1.50159e-18	230.486	0.1818
2.3	-1456.65	1.3569e-18	249.988	0.1906
2.4	-1390.18	8.27984e-19	54.7277	0.2064
2.5	-1499.26	1.11891e-18	154.775	0.1742
2.6	-1436.07	1.5254e-18	116.229	0.1963
2.7	-1447.03	6.71091e-19	38.338	0.1935
2.8	-1433.61	1.02857e-18	140.233	0.204
2.9	-1487.35	8.26137e-19	268.516	0.1946
3	-1475.13	8.05408e-19	34.4753	0.196
3.1	-1414.26	8.88422e-19	219.89	0.2063
3.2	-1451.94	5.71331e-19	66.484	0.2082
3.3	-1459.16	8.74107e-19	159.951	0.1979
3.4	-1417.14	9.32654e-19	69.9762	0.2201
3.5	-1414.72	9.42373e-19	171.776	0.2129
3.6	-1363.69	9.46557e-19	17.8205	0.227
3.7	-1421.9	5.8168e-19	83.0397	0.2166
3.8	-1384.3	6.02575e-19	67.0895	0.2267
3.9	-1404.49	7.84406e-19	95.3495	0.2298
4	-1398.17	4.4784e-19	197.296	0.2324
4.1	-1408.55	5.38272e-19	70.7275	0.2283
4.2	-1443.33	7.03522e-19	121.264	0.2194
4.3	-1471.47	5.45894e-19	151.36	0.2104
4.4	-1387.01	6.20391e-19	21.3417	0.2327
4.5	-1366.49	4.62243e-19	25.4875	0.2427
4.6	-1366.16	4.31218e-19	63.0213	0.2419
4.7	-1324.47	4.03887e-19	140.99	0.2576
4.8	-1395.13	5.23004e-19	46.171	0.2358
4.9	-1291.98	4.72321e-19	42.4943	0.2682
5	-1266.45	4.2486e-19	53.168	0.2786
5.1	-1312.07	4.65802e-19	153.49	0.2658
5.2	-1333.82	2.90418e-19	258.679	0.263
5.3	-1328.91	3.97132e-19	134.51	0.2722
5.4	-1211.43	2.1588e-19	22.9848	0.3089
5.5	-1249.96	1.60755e-19	55.0107	0.2764
5.6	-1203.16	6.50443e-19	131.4	0.3107
5.7	-1226.36	3.34703e-19	178.172	0.301
5.8	-1239.53	4.25615e-19	328.877	0.3075
5.9	-1190.54	5.91652e-19	177.068	0.3265
6	-1174.69	2.84218e-19	13.8413	0.3207
6.1	-1116.87	9.14502e-20	90.686	0.3267
6.2	-1185.45	1.44745e-19	94.565	0.3265
6.3	-1178.17	2.99406e-19	8.914	0.3239
6.4	-1156.63	1.9251e-19	290.075	0.3298
6.5	-1081.19	2.66023e-19	247.937	0.3654
6.6	-1090.19	1.61649e-19	99.9965	0.3592
6.7	-1062.77	1.83611e-19	145.51	0.3811
6.8	-1039.59	1.75363e-19	18.1605	0.3842
6.9	-1091.18	3.18995e-19	57.6522	0.3705
7	-1034.62	8.30233e-20	257.287	0.3824
7.1	-1046.51	1.64866e-19	133.576	0.3953
7.2	-987.307	5.22159e-20	80.2295	0.4038
7.3	-1001.63	9.13319e-20	33.545	0.4018
7.4	-937.883	1.42962e-19	106.605	0.4368
7.5	-990.646	1.96383e-19	148.269	0.4167
7.6	-964.242	3.17123e-20	57.8285	0.4168
7.7	-977.466	7.01442e-20	77.2838	0.414
7.8	-930.327	6.45186e-20	45.1792	0.4279
7.9	-889.258	8.05299e-20	0.2975	0.4501
8	-943.507	5.32062e-20	14.0518	0.4294
8.1	-878.44	2.71433e-20	105.601	0.459
8.2	-892.8	9.61005e-20	219.903	0.4548
8.3	-834.459	9.83837e-20	62.313	0.4766
8.4	-915.833	1.06428e-19	6.70225	0.4518
8.5	-859.632	7.09678e-20	79.6288	0.4644
8.6	-779.945	2.86029e-20	12.9745	0.5054
8.7	-760.967	2.86748e-20	44.7313	0.501
8.8	-788.003	3.52738e-20	131.759	0.4893
8.9	-802.651	3.82925e-20	2.38125	0.513
9	-818.698	7.0145e-20	10.8005	0.4909
9.1	-745.536	4.19744e-20	81.2458	0.5166
9.2	-757.616	2.92973e-20	1.098	0.5226
9.3	-799.773	5.40407e-20	83.5867	0.5066
9.4	-741.196	2.73636e-20	127.627	0.5236
9.5	-657.286	3.24927e-20	42.0685	0.554
9.6	-717.099	4.93315e-20	17.5995	0.5441
9.7	-730.292	3.23681e-20	35.244	0.5261
9.8	-744	2.14417e-20	142.496	0.5376
9.9	-723.16	1.96995e-20	11.6252	0.5376
10	-709.767	4.51334e-20	59.456	0.5469
10.1	-664.011	8.79311e-20	30.5567	0.5571
10.2	-682.551	4.04655e-20	89.5795	0.5605
10.3	-673.013	8.59336e-20	20.7938	0.57
10.4	-676.011	3.13734e-20	19.43	0.5646
10.5	-632.557	5.09384e-20	19.1558	0.5778
10.6	-630.535	1.67378e-20	44.0252	0.577
10.7	-610.836	3.42649e-20	80.8818	0.5887
10.8	-591.28	1.65239e-20	51.235	0.5981
10.9	-627.948	1.54518e-20	56.038	0.5882
11	-617.16	3.23413e-20	18.256	0.5977
11.1	-624.684	2.4482e-20	7.86275	0.6007
11.2	-647.364	2.78133e-20	14.983	0.5878
11.3	-577.99	4.0325e-20	44.9637	0.6185
11.4	-647.024	2.96793e-20	45.315	0.5874
11.5	-640.534	2.883e-20	61.233	0.592
11.6	-595.633	1.17614e-20	108.332	0.6039
11.7	-581.276	1.90887e-20	10.37	0.6119
11.8	-555.82	2.8914e-20	29.27	0.6205
11.9	-604.573	2.38234e-20	79.0557	0.6022
12	-609.195	4.94339e-20	38.8295	0.6007
12.1	-554.887	1.19089e-20	7.15525	0.6326
12.2	-537.838	2.06045e-20	13.944	0.6275
12.3	-597.756	3.07301e-20	55.6605	0.6167
12.4	-531.114	3.2264e-20	14.8182	0.6405
12.5	-532.565	2.35309e-20	76.743	0.6344
12.6	-558.471	1.64661e-20	32.103	0.6336
12.7	-532.081	1.94753e-20	43.0558	0.6427
12.8	-548.047	2.89109e-20	33.549	0.6434
12.9	-523.945	1.56875e-20	58.6895	0.6426
13	-492.409	1.66336e-20	14.177	0.6529
13.1	-467.407	2.73863e-20	8.29275	0.6506
13.2	-463.749	2.35729e-20	1.644	0.6729
13.3	-514.407	1.64268e-20	12.3153	0.6515
13.4	-515.602	1.54444e-20	11.9382	0.6577
13.5	-487.647	2.10658e-20	59.2235	0.6598
13.6	-478.666	9.08831e-21	4.999	0.6681
13.7	-493.443	1.59694e-20	28.597	0.6636
13.8	-452.165	2.83369e-20	69.9873	0.6728
13.9	-496.34	1.87e-20	30.5355	0.6704
14	-482.841	2.12588e-20	9.5515	0.6811
14.1	-488.113	1.73596e-20	21.0333	0.6826
14.2	-456.997	1.63972e-20	15.7227	0.675
14.3	-441.03	2.28294e-20	11.5603	0.6905
14.4	-458.191	3.12889e-20	51.738	0.6922
14.5	-469.053	9.27227e-21	36.2485	0.6891
14.6	-443.051	1.05929e-20	64.791	0.6923
14.7	-447.296	1.858e-20	18.6933	0.6847
14.8	-412.14	2.25585e-20	30.1378	0.7039
14.9	-417.917	1.42495e-20	18.8072	0.7059
15	-412.542	2.34491e-20	29.274	0.7005
15.1	-419.846	1.51698e-20	32.0822	0.7032
15.2	-395.697	2.89071e-20	2.7985	0.7085
15.3	-423.079	1.14826e-20	107.751	0.7031
15.4	-441.173	8.07392e-21	1.348	0.7069
15.5	-415.053	1.56232e-20	35.4347	0.7101
15.6	-398.795	1.43424e-20	19.4435	0.7089
15.7	-394.358	1.32672e-20	15.8658	0.7255
15.8	-424.602	1.61564e-20	13.3787	0.7057
15.9	-411.15	1.73949e-20	55.091	0.7139
16	-382.074	1.20357e-20	18.062	0.7301
16.1	-405.322	8.30164e-21	20.189	0.7231
16.2	-426.652	2.91333e-20	21.8682	0.7139
16.3	-415.619	7.10223e-21	59.8165	0.7097
16.4	-396.079	1.7825e-20	71.8812	0.7201
16.5	-395.77	1.01638e-20	45.078	0.7273
16.6	-421.047	1.77993e-20	8.02625	0.7182
16.7	-388.671	1.39955e-20	31.2218	0.7235
16.8	-398.198	1.0161e-20	36.9663	0.7284
16.9	-399.379	1.89277e-20	1.779	0.7229
17	-368.561	1.78136e-20	13.2338	0.7435
17.1	-379.678	1.6372e-20	4.69725	0.7355
17.2	-392.168	1.20783e-20	16.1763	0.7446
17.3	-376.546	2.27991e-20	23.5257	0.7474
17.4	-341.223	2.09062e-20	5.93975	0.7532
17.5	-350.012	1.9709e-20	19.9028	0.745
17.6	-377.974	2.75703e-20	22.5845	0.7474
17.7	-379.392	1.32266e-20	56.5332	0.7382
17.8	-325.536	6.704e-21	5.084	0.7488
17.9	-383.33	1.44196e-20	12.9535	0.7408
18	-345.944	9.7962e-21	35.2315	0.7512
18.1	-381.428	1.80855e-20	54.39	0.7506
18.2	-377.967	1.01688e-20	13.0367	0.7474
18.3	-366.03	8.75574e-21	7.3065	0.7549
18.4	-342.888	8.70277e-21	13.0498	0.7546
18.5	-349.759	1.41859e-20	5.84575	0.7582
18.6	-332.111	1.49049e-20	13.673	0.7617
18.7	-361.763	7.97361e-21	32.394	0.7551
18.8	-341.338	1.68943e-20	27.2983	0.7563
18.9	-315.867	2.01082e-20	18.209	0.7714
19	-324.255	1.7638e-20	4.8025	0.7626
19.1	-347.975	2.54269e-20	3.658	0.7644
19.2	-321.525	1.18156e-20	2.774	0.7633
19.3	-340.479	1.75542e-20	37.0052	0.7594
19.4	-333.316	7.52912e-21	6.66575	0.7661
19.5	-353.368	1.1318e-20	20.7397	0.7715
19.6	-327.672	1.69935e-20	11.2727	0.7702
19.7	-339.612	2.5736e-20	20.505	0.7689
19.8	-315.811	1.11332e-20	10.8923	0.7719
19.9	-293.609	6.23341e-21	18.7952	0.7794
20	-332.997	1.04677e-20	16.1665	0.769
